model:
  neuschwanstein: [50.031902,46.499634,44.867054] # 38.342693
  kaiserburg: [21.04992,21.788551,21.010794] # 20.529
  office: [14.405453,14.352291,14.268219] # 12.873471
  audimax: [11.956732,11.838424,11.972953] # 10.725285

classical:
  neuschwanstein: [169.89]
  kaiserburg: [71.19]
  office: [39.599]
  audimax: [28.405]